0xf070b 25 9 12
0xf047c 24 4 4
0x2029b 16 10 2
0x56fa 12 7 5
0x340c 11 3 11
0x82b1 11 5 10
0x226b8 10 4 7
0x6d6a 10 4 7
0x9ebb 10 5 4
0x8cd2 10 5 1
0x60c5 9 2 3
0x6491 9 2 1
0x540f 9 4 2
0x290f3 9 3 1
0x25a9e 8 2 1
0x7d05 8 1 2
0x9404 8 3 3
0x5982 8 2 3
0x515c 8 9 3
0x547d 7 4 4
0x20129 6 2 3
0x2784a 6 7 2
0x541d 6 3 4
0x275f1 6 4 4
0x27d46 6 1 1
0x20cd2 6 1 4
0x5916 5 1 3
0x671d 5 1 2
0x57c3 5 2 2
0x2b968 5 9 3
0x59c5 5 1 1
0x8fb9 5 1 4
0x9999 5 3 1
0xf02c7 5 3 1
0x23603 5 1 1
0x65e6 5 1 4
0x8304 4 5 4
0x7523 4 1 1
0x26c1f 4 1 1
0x4f4e 4 4 3
0x6897 4 2 1
0x8e7a 4 2 1
0x5a18 4 1 6
0x6642 4 1 3
0x73e0 4 1 1
0x7de3 4 4 1
0x8cb7 4 4 3
0x24c82 4 1 2
0x2b5c4 4 2 4
0x26744 3 1 2
0x5206 3 2 2
0x54a6 3 4 1
0x5bb6 3 1 1
0x7fa3 3 2 1
0xf07ba 3 1 1
0x22b23 3 4 2
0x4ec3 3 4 2
0x4e16 3 4 1
0x8131 3 1 2
0x5225 3 5 5
0x8287 3 7 1
0x204e8 3 6 2
0x6392 3 4 1
