0xf047c 24 4 3
0x20b20 20 9 14
0x340c 14 3 11
0x56fa 12 6 6
0x82b1 11 5 6
0x226b8 10 3 15
0x3775 10 6 6
0x60c5 9 3 4
0x6491 9 2 1
0x6d6a 9 3 7
0x540f 9 5 1
0x9ebb 9 3 4
0x43fe 9 3 1
0x8cd2 9 2 3
0x5982 8 3 3
0xf0832 8 9 4
0x20129 7 2 5
0x541d 7 3 4
0x7d05 7 2 3
0x9404 7 2 4
0x4f53 7 6 2
0xf061a 7 2 4
0x215f6 6 2 1
0x4e4b 6 7 3
0x275f1 6 2 2
0x9999 6 4 2
0x65e6 6 1 2
0x7a7a 6 2 1
0x5916 5 1 1
0x7fa4 5 3 1
0x201ee 5 5 1
0x57c3 5 3 2
0x262e6 5 6 2
0x28008 5 1 1
0x8fb9 5 1 5
0x6642 5 1 3
0x8cb7 5 3 6
0x20cd2 5 1 6
0x6838 5 1 1
0x23cd4 4 3 1
0x8339 4 4 4
0x8abf 4 2 1
0x2321c 4 5 4
0x5f37 4 2 5
0x7523 4 1 2
0x4f4e 4 3 3
0x89e5 4 2 1
0x8e7a 4 2 1
0x9664 4 1 1
0x5a18 4 2 3
0x53f0 4 1 1
0xf084e 4 1 2
0x5206 3 3 1
0x5bb6 3 1 1
0x22b23 3 4 2
0x26744 3 2 1
0x6606 3 2 1
0x59c5 3 1 1
0x6602 3 1 1
0x6c38 3 1 2
0x6cb9 3 1 5
0x5c3c 3 5 3
0x6897 3 1 1
0x8287 3 5 3
0x204e8 3 5 3
0x4739 3 1 3
0x6392 3 4 2
0xf02c7 3 1 2
