0x6ca1 27 6 2
0xf047c 25 3 6
0x2029b 17 13 4
0x340c 16 7 11
0x82b1 15 3 12
0x56fa 13 9 4
0x8cd2 13 3 1
0x540f 12 2 3
0x60c5 12 4 2
0x6d6a 12 6 14
0x262e6 12 4 7
0xf0833 11 5 5
0x226b8 10 12 10
0x547d 10 1 5
0x6e03 10 1 2
0x4e4b 9 6 6
0x6491 9 3 2
0x9404 9 3 7
0x25a9e 8 2 2
0x2784a 8 5 3
0x5982 8 7 8
0x43fe 8 4 2
0x8cb7 8 3 2
0x20129 7 3 6
0x5206 7 1 3
0x7d05 7 4 4
0x57c3 7 4 2
0x6625 7 4 5
0x7a7a 7 2 1
0x8287 7 4 2
0x215f6 6 2 3
0x62f1 6 3 3
0x7fa4 6 3 2
0x20cd2 6 4 5
0x204e8 6 3 1
0x4739 6 3 5
0x5178 6 3 5
0x6392 6 2 1
0x4e9b 5 1 2
0x541d 5 4 3
0x5f37 5 2 4
0x671d 5 2 3
0x8abf 5 2 3
0x275f1 5 5 3
0x27d46 5 1 1
0x505c 5 1 3
0x26591 5 2 4
0x26c1f 5 1 2
0x59c5 5 1 4
0x5a18 5 2 6
0x5c3c 5 5 3
0x6642 5 2 5
0x6d7d 5 2 2
0x8e7a 5 1 1
0x9999 5 3 5
0x21890 5 2 1
0xf061a 5 3 2
0x8339 4 5 4
0x8c9d 4 2 3
0x96ea 4 1 2
0xf07ba 4 2 1
0x22b23 4 5 1
0x6897 4 3 1
0x7523 4 2 2
0x5305 4 2 1
0x5858 4 1 1
0x522b 4 1 2
0x73e0 4 2 1
0x7de3 4 3 1
0x2bf44 4 4 4
0x221a5 3 1 2
0x24f93 3 1 1
0x26744 3 2 5
0x581b 3 1 1
0x5bb6 3 1 2
0x9952 3 1 1
0x20afe 3 2 2
0x25886 3 4 1
0x6027 3 1 1
0xf070b 3 6 16
0x6c38 3 1 3
0x6cb9 3 6 1
0x9192 3 1 1
0x20051 3 1 2
0x2321c 3 5 3
0x25600 3 1 1
0x6731 3 5 4
0x7d42 3 1 1
0x20040 3 1 1
0x6e1a 3 4 3
0x6587 3 1 1
0x971c 3 1 3
0x20cd0 3 1 2
