0x340c 17 10 12
0xf047c 16 1 4
0x6ca1 15 4 1
0x56fa 15 2 4
0xf070b 14 13 15
0x226b8 14 6 9
0x82b1 13 4 7
0x2029b 12 11 5
0x4e4b 11 6 8
0x6491 10 2 2
0x60c5 10 4 10
0x6d6a 10 5 6
0x9404 10 5 3
0x515c 10 4 1
0x540f 9 3 4
0x5982 9 7 5
0x8cd2 9 4 2
0x20cd2 9 7 8
0x2321c 9 4 2
0x275f1 8 3 4
0x547d 8 3 8
0x7d05 8 2 1
0x262e6 8 5 2
0x9999 8 2 1
0x6731 8 9 4
0x505c 7 2 2
0x57c3 7 6 3
0x6e05 7 1 2
0x5a18 7 3 9
0x5c3c 7 2 5
0x8cb7 7 5 4
0x8287 7 2 2
0x2784a 7 3 1
0x6392 7 2 1
0x20129 6 3 2
0x22b23 6 4 2
0x25886 6 1 4
0x65bc 6 1 1
0x6642 6 6 3
0x21890 6 3 3
0x751f 6 3 4
0x4739 6 5 1
0x21975 5 1 5
0x25a9e 5 2 4
0x5f37 5 3 3
0x6897 5 2 2
0x6e03 5 2 2
0x28008 5 3 1
0x4e16 5 1 1
0x5305 5 1 6
0x62f1 5 3 8
0x6d7d 5 5 4
0x5206 5 1 3
0x522b 5 3 4
0x7da0 5 3 4
0x26744 5 1 2
0x200c5 5 2 2
0x5973 5 1 1
0x7d72 5 5 4
0x20027 4 1 3
0x215f6 4 5 4
0x5916 4 3 4
0x76ae 4 3 1
0x99ad 4 1 1
0x21b67 4 1 2
0x722b 4 5 5
0x73e0 4 2 1
0x2c589 4 2 1
0x204e8 4 3 3
0x20cd0 4 1 2
0x6101 4 4 1
0x64ec 4 1 4
0x6e1a 4 5 6
0x8339 4 5 7
0x2846e 3 1 1
0x65ec 3 1 1
0x26c1f 3 1 1
0x43fe 3 1 1
0xf0284 3 1 3
0xf02c7 3 1 2
